21;0;19749315;0
627;3;19766859;1
220;3;19767147;2
259;5;19641649;3
90;5;19877941;4
296;7;19514518;5
979;0;19587774;6
65;4;19385287;7
374;2;19670261;8
694;5;19169552;9
822;6;19207140;10
676;7;19426358;11
468;3;19861692;12
359;1;19730041;13
936;5;19286877;14
209;6;19653966;15
358;6;19928827;16
156;2;19298842;17
396;2;19395660;18
115;1;19284937;19
746;6;19194128;20
76;1;19925857;21
630;6;19462325;22
786;8;19623523;23
181;8;19361939;24
829;8;19253336;25
4;0;19852017;26
760;1;19751004;27
922;5;19508132;28
233;6;19245524;29
401;6;19033456;30
847;6;19805916;31
135;7;19835731;32
651;3;19253742;33
19;4;19017353;34
48;0;19032244;35
285;1;19892642;36
788;1;19981442;37
62;2;19551671;38
6;7;19133280;39
482;8;19425180;40
113;4;19571004;41
522;8;19458815;42
956;0;19672925;43
972;6;19612346;44
899;1;19035017;45
917;7;19493029;46
693;6;19314085;47
31;4;19090861;48
520;1;19599534;49
538;4;19683179;50
998;5;19575393;51
183;6;19939748;52
71;0;19215243;53
612;3;19306756;54
197;2;19522869;55
877;5;19645807;56
703;6;19524723;57
675;4;19415369;58
138;8;19392205;59
632;6;19017572;60
170;6;19949962;61
492;0;19200142;62
805;7;19560226;63
40;0;19055448;64
100;0;19283988;65
923;7;19447351;66
57;5;19550671;67
111;0;19919454;68
331;6;19233997;69
370;2;19890302;70
630;5;19869809;71
977;8;19363566;72
300;0;19770545;73
693;5;19412871;74
485;8;19421482;75
265;8;19326928;76
12;8;19888372;77
898;7;19803261;78
927;3;19049032;79
203;2;19787275;80
478;2;19479143;81
364;6;19093506;82
535;2;19393172;83
931;8;19490632;84
700;8;19454861;85
934;7;19450830;86
999;1;19740208;87
506;2;19773971;88
331;6;19042967;89
895;0;19111486;90
250;7;19864116;91
647;8;19393737;92
51;7;19300056;93
589;8;19965751;94
998;4;19038844;95
467;1;19063222;96
408;1;19360940;97
285;1;19114779;98
804;1;19413790;99
795;7;19159818;0
99;7;19143219;1
387;4;19413139;2
356;0;19308146;3
685;1;19499700;4
907;2;19902023;5
916;8;19666827;6
383;2;19621232;7
436;3;19511934;8
549;8;19062457;9
910;2;19420121;10
614;4;19356860;11
616;3;19458149;12
41;1;19075972;13
535;1;19414561;14
826;0;19590188;15
940;2;19654670;16
809;1;19653374;17
6;7;19193918;18
520;8;19664037;19
949;8;19911953;20
655;4;19616711;21
599;0;19520513;22
241;3;19492630;23
810;7;19757731;24
913;6;19767089;25
124;3;19166425;26
324;3;19836792;27
678;4;19689954;28
394;2;19733462;29
821;1;19511682;30
927;2;19213446;31
945;7;19007319;32
554;3;19655156;33
800;5;19167685;34
363;4;19599261;35
282;1;19285739;36
153;6;19907311;37
414;4;19348954;38
461;3;19554174;39
730;7;19308340;40
427;2;19903660;41
581;8;19939956;42
784;6;19825044;43
91;5;19214550;44
539;8;19304950;45
774;4;19146155;46
171;0;19893040;47
673;4;19810671;48
825;8;19724067;49
426;8;19279513;50
112;8;19300421;51
858;3;19379773;52
994;6;19250337;53
702;0;19608635;54
43;2;19933188;55
223;4;19943028;56
116;6;19815661;57
1;6;19302292;58
631;2;19745676;59
785;2;19757615;60
858;5;19594133;61
205;4;19312504;62
626;4;19691442;63
633;7;19888078;64
8;0;19264428;65
568;8;19579480;66
784;5;19871897;67
506;1;19958532;68
885;4;19070738;69
195;0;19195580;70
798;5;19129964;71
991;7;19682356;72
770;4;19193210;73
388;4;19139116;74
68;4;19500566;75
762;1;19474039;76
999;7;19982778;77
644;1;19881178;78
467;1;19083131;79
799;5;19374598;80
784;5;19127998;81
828;8;19579822;82
131;7;19023311;83
777;4;19667467;84
322;3;19802908;85
6;3;19705810;86
551;0;19381985;87
699;7;19926077;88
104;1;19295184;89
606;5;19792757;90
36;2;19729142;91
570;2;19817273;92
737;8;19532732;93
952;5;19571901;94
837;6;19328596;95
245;1;19786542;96
919;4;19314632;97
854;2;19037860;98
917;0;19776527;99
81;6;19412917;0
933;0;19340572;1
422;1;19396286;2
448;0;19766213;3
613;1;19294326;4
140;4;19383661;5
935;7;19682784;6
190;3;19651532;7
924;4;19392679;8
443;4;19314327;9
815;4;19667409;10
257;2;19373469;11
20;6;19178582;12
481;6;19124191;13
980;8;19854967;14
268;0;19895379;15
238;0;19839548;16
30;2;19863246;17
692;7;19948893;18
221;2;19527704;19
126;5;19053137;20
402;2;19139778;21
552;6;19844222;22
659;8;19405600;23
413;2;19519622;24
885;8;19133456;25
0;6;19217736;26
187;7;19460098;27
797;8;19323305;28
179;6;19825683;29
191;3;19474315;30
590;5;19757245;31
515;8;19688563;32
421;1;19671775;33
884;3;19164921;34
145;6;19584608;35
285;6;19162601;36
680;4;19678800;37
787;6;19816858;38
245;0;19888126;39
402;3;19691428;40
863;5;19810942;41
544;5;19410919;42
252;4;19604708;43
312;5;19458904;44
704;4;19820971;45
264;1;19502665;46
470;6;19097063;47
126;3;19730758;48
997;5;19001934;49
168;6;19216611;50
328;3;19277180;51
28;7;19286324;52
435;0;19967445;53
599;2;19042201;54
323;5;19103477;55
584;6;19330293;56
296;8;19401945;57
252;5;19529474;58
874;2;19954027;59
410;8;19055099;60
882;8;19774050;61
66;5;19619967;62
143;2;19914415;63
627;8;19271647;64
949;8;19276656;65
807;4;19454875;66
928;7;19273637;67
946;5;19741882;68
425;6;19746680;69
854;8;19077671;70
73;8;19495113;71
98;3;19031293;72
523;6;19025351;73
247;6;19492329;74
309;8;19622254;75
708;2;19852753;76
836;6;19146707;77
481;8;19051021;78
234;2;19489157;79
514;3;19995181;80
247;5;19887496;81
985;1;19126542;82
62;6;19236878;83
134;0;19021301;84
402;8;19575877;85
634;0;19474989;86
958;7;19484386;87
353;0;19978376;88
188;2;19639380;89
995;3;19613098;90
170;6;19070671;91
120;4;19394119;92
15;3;19174323;93
354;6;19922385;94
794;4;19570589;95
160;6;19826999;96
793;7;19839377;97
902;4;19048644;98
821;5;19791975;99
